wavelength      flux_density      ERROR      cl1      cl2      cl3
      5.12652     0.003523     0.002565          1.0            0            0
      5.15676     0.006035     0.003526          1.0            0            0
      5.18700     0.001247     0.001797          1.0            0            0
      5.21725     0.001869     0.000992          1.0            0            0
      5.24749     0.001232     0.000818          1.0            0            0
      5.27773     0.000858     0.000374          1.0            0            0
      5.30797     0.000853     0.000404          1.0            0            0
      5.33821     0.000280     0.000395          1.0            0            0
      5.36846     0.000443     0.000353          1.0            0            0
      5.39870     0.000781     0.000455          1.0            0            0
      5.42894     0.000319     0.000349          1.0            0            0
      5.45918     0.000948     0.000319          1.0            0            0
      5.48942     0.000989     0.000502          1.0            0            0
      5.51967     0.000345     0.000479          1.0            0            0
      5.54991     0.000977     0.000246          1.0            0            0
      5.58015     0.001143     0.000254          1.0            0            0
      5.61039     0.001000     0.000292          1.0            0            0
      5.64063     0.001342     0.000290          1.0            0            0
      5.67088     0.000899     0.000306          1.0            0            0
      5.70112     0.000841     0.000445          1.0            0            0
      5.73136     0.000626     0.000333          1.0            0            0
      5.76160     0.001176     0.000455          1.0            0            0
      5.79184     0.000293     0.000437          1.0            0            0
      5.82209     0.001165     0.000421          1.0            0            0
      5.85233     0.000978     0.000399          1.0            0            0
      5.88257     0.001384     0.000331          1.0            0            0
      5.91281     0.001059     0.000365          1.0            0            0
      5.94305     0.001239     0.000375          1.0            0            0
      5.97330     0.001409     0.000395          1.0            0            0
      6.00354     0.001088     0.000364          1.0            0            0
      6.03378     0.001219     0.000331          1.0            0            0
      6.06402     0.001383     0.000317          1.0            0            0
      6.09426     0.001366     0.000316          1.0            0            0
      6.12451     0.000640     0.000421          1.0            0            0
      6.15475     0.000663     0.000453          1.0            0            0
      6.18499     0.001462     0.000530          1.0            0            0
      6.21523     0.001512     0.000406          1.0            0            0
      6.24547     0.001033     0.000312          1.0            0            0
      6.27572     0.001355     0.000378          1.0            0            0
      6.30596     0.001773     0.000383          1.0            0            0
      6.33620     0.001493     0.000313          1.0            0            0
      6.36644     0.002038     0.000342          1.0            0            0
      6.39668     0.001956     0.000469          1.0            0            0
      6.42693     0.002339     0.000437          1.0            0            0
      6.45717     0.002764     0.000350          1.0            0            0
      6.48741     0.003549     0.000483          1.0            0            0
      6.51765     0.005352     0.000820          1.0            0            0
      6.54789     0.005629     0.000595          1.0            0            0
      6.57814     0.006589     0.000690          1.0            0            0
      6.60838     0.005044     0.000590          1.0            0            0
      6.63862     0.004988     0.000350          1.0            0            0
      6.66886     0.004655     0.000488          1.0            0            0
      6.69910     0.003238     0.000607          1.0            0            0
      6.72935     0.002600     0.000411          1.0            0            0
      6.75959     0.002848     0.000495          1.0            0            0
      6.78983     0.001817     0.000515          1.0            0            0
      6.82007     0.002259     0.000375          1.0            0            0
      6.85031     0.001203     0.000409          1.0            0            0
      6.88056     0.002572     0.000529          1.0            0            0
      6.91080     0.002325     0.000464          1.0            0            0
      6.94104     0.002325     0.000540          1.0            0            0
      6.97128     0.002548     0.000397          1.0            0            0
      7.00152     0.001845     0.000403          1.0            0            0
      7.03177     0.002669     0.000598          1.0            0            0
      7.06201     0.003268     0.000452          1.0            0            0
      7.09225     0.003419     0.000719          1.0            0            0
      7.12249     0.002206     0.000454          1.0            0            0
      7.15273     0.002178     0.000351          1.0            0            0
      7.18298     0.002542     0.000420          1.0            0            0
      7.21322     0.001961     0.000358          1.0            0            0
      7.24346     0.002586     0.000320          1.0            0            0
      7.27370     0.003851     0.000469          1.0            0            0
      7.30394     0.002420     0.000505          1.0            0            0
      7.33419     0.002629     0.000464          1.0            0            0
      7.36443     0.004194     0.000585          1.0            0            0
      7.39467     0.003693     0.000730          1.0            0            0
      7.42491     0.003735     0.000755          1.0            0            0
      7.45515     0.003527     0.000541          1.0            0            0
      7.48540     0.002333     0.000432          1.0            0            0
      7.51564     0.005064     0.000855          1.5            0            0
      7.57612     0.002214     0.000544          2.0            0            0
      7.63660     0.003612     0.000452          2.0            0            0
      7.69709     0.004479     0.000391          2.0            0            0
      7.75757     0.005005     0.000418          2.0            0            0
      7.81805     0.005971     0.000410          2.0            0            0
      7.87854     0.006870     0.000366          2.0            0            0
      7.93902     0.008090     0.000374          2.0            0            0
      7.99951     0.009413     0.000291          2.0            0            0
      8.05999     0.010212     0.000275          2.0            0            0
      8.12047     0.009505     0.000264          2.0            0            0
      8.18096     0.009353     0.000272          2.0            0            0
      8.24144     0.008888     0.000319          2.0            0            0
      8.30192     0.008519     0.000334          2.0            0            0
      8.36241     0.008667     0.000259          2.0            0            0
      8.42289     0.006955     0.000203          2.0            0            0
      8.48337     0.005615     0.000289          2.0            0            0
      8.54386     0.005853     0.000338          2.0            0            0
      8.60434     0.005526     0.000333          2.0            0            0
      8.66483     0.004836     0.000342          2.0            0            0
      8.72531     0.005679     0.000245          2.0            0            0
      8.78579     0.005126     0.000234          2.0            0            0
      8.84628     0.005263     0.000236          2.0            0            0
      8.90676     0.005900     0.000251          2.0            0            0
      8.96724     0.006655     0.000247          2.0            0            0
      9.02773     0.006644     0.000287          2.0            0            0
      9.08821     0.006605     0.000326          2.0            0            0
      9.14869     0.006280     0.000251          2.0            0            0
      9.20918     0.005148     0.000223          2.0            0            0
      9.26966     0.004505     0.000297          2.0            0            0
      9.33015     0.003704     0.000310          2.0            0            0
      9.39063     0.002845     0.000366          2.0            0            0
      9.45111     0.002716     0.000339          2.0            0            0
      9.51160     0.002418     0.000306          2.0            0            0
      9.57208     0.002466     0.000306          2.0            0            0
      9.63256     0.002395     0.000300          2.0            0            0
      9.69305     0.002805     0.000422          2.0            0            0
      9.75353     0.002401     0.000435          2.0            0            0
      9.81401     0.002042     0.000298          2.0            0            0
      9.87450     0.001829     0.000286          2.0            0            0
      9.93498     0.002346     0.000323          2.0            0            0
      9.99547     0.003429     0.000455          2.0            0            0
     10.05595     0.002418     0.000473          2.0            0            0
     10.11643     0.002038     0.000362          2.0            0            0
     10.17692     0.002787     0.000378          2.0            0            0
     10.23740     0.002486     0.000247          2.0            0            0
     10.29788     0.002163     0.000203          2.0            0            0
     10.35837     0.002213     0.000205          2.0            0            0
     10.41885     0.002493     0.000199          2.0            0            0
     10.47933     0.002626     0.000222          2.0            0            0
     10.53982     0.002465     0.000222          2.0            0            0
     10.60030     0.002474     0.000246          2.0            0            0
     10.66079     0.001967     0.000234          2.0            0            0
     10.72127     0.002142     0.000222          2.0            0            0
     10.78175     0.002701     0.000223          2.0            0            0
     10.84224     0.002450     0.000361          2.0            0            0
     10.90272     0.002316     0.000365          2.0            0            0
     10.96320     0.002404     0.000317          2.0            0            0
     11.02369     0.002079     0.000233          2.0            0            0
     11.08417     0.002602     0.000285          2.0            0            0
     11.14465     0.002580     0.000286          2.0            0            0
     11.20514     0.002299     0.000245          2.0            0            0
     11.26562     0.002990     0.000249          2.0            0            0
     11.32611     0.002596     0.000289          2.0            0            0
     11.38659     0.002929     0.000262          2.0            0            0
     11.44707     0.003107     0.000229          2.0            0            0
     11.50756     0.003701     0.000239          2.0            0            0
     11.56804     0.004751     0.000278          2.0            0            0
     11.62852     0.005451     0.000321          2.0            0            0
     11.68901     0.005680     0.000278          2.0            0            0
     11.74949     0.007808     0.000274          2.0            0            0
     11.80997     0.011635     0.000249          2.0            0            0
     11.87046     0.014290     0.000272          2.0            0            0
     11.93094     0.013464     0.000345          2.0            0            0
     11.99143     0.010798     0.000460          2.0            0            0
     12.05191     0.007660     0.000424          2.0            0            0
     12.11239     0.006682     0.000404          2.0            0            0
     12.17288     0.006055     0.000364          2.0            0            0
     12.23336     0.005189     0.000313          2.0            0            0
     12.29384     0.005059     0.000283          2.0            0            0
     12.35433     0.005793     0.000413          2.0            0            0
     12.41481     0.005031     0.000483          2.0            0            0
     12.47529     0.005056     0.000342          2.0            0            0
     12.53578     0.004943     0.000326          2.0            0            0
     12.59626     0.005355     0.000351          2.0            0            0
     12.65675     0.005540     0.000319          2.0            0            0
     12.71723     0.005841     0.000320          2.0            0            0
     12.77771     0.006468     0.000312          2.0            0            0
     12.83820     0.005662     0.000341          2.0            0            0
     12.89868     0.005741     0.000323          2.0            0            0
     12.95916     0.006061     0.000392          2.0            0            0
     13.01965     0.006875     0.000356          2.0            0            0
     13.08013     0.006194     0.000353          2.0            0            0
     13.14061     0.005814     0.000362          2.0            0            0
     13.20110     0.006923     0.000344          2.0            0            0
     13.26158     0.008814     0.000632          2.0            0            0
     13.32206     0.006869     0.000717          2.0            0            0
     13.38255     0.008329     0.000374          2.0            0            0
     13.44303     0.009482     0.000474          2.0            0            0
     13.50352     0.010247     0.000476          2.0            0            0
     13.56400     0.007426     0.000394          2.0            0            0
     13.62448     0.006098     0.000296          2.0            0            0
     13.68497     0.005588     0.000365          2.0            0            0
     13.74545     0.005373     0.000581          2.0            0            0
     13.80593     0.004240     0.000546          2.0            0            0
     13.86642     0.004405     0.000556          2.0            0            0
     13.92690     0.004374     0.000539          2.0            0            0
     13.98738     0.005799     0.000581          2.0            0            0
     14.04787     0.005171     0.000493          2.0            0            0
     14.15403     0.007027     0.000755          3.0            0            0
     14.23871     0.007475     0.000570          3.0            0            0
     14.32338     0.007583     0.000438          3.0            0            0
     14.40806     0.006422     0.000363          3.0            0            0
     14.49274     0.005873     0.000395          3.0            0            0
     14.57741     0.005972     0.000468          3.0            0            0
     14.66209     0.005858     0.000444          3.0            0            0
     14.74677     0.004814     0.000574          3.0            0            0
     14.83145     0.005361     0.000428          3.0            0            0
     14.91612     0.005943     0.000576          3.0            0            0
     15.00080     0.004890     0.000760          3.0            0            0
     15.08548     0.005368     0.000475          3.0            0            0
     15.17015     0.006506     0.000667          3.0            0            0
     15.25483     0.005099     0.000586          3.0            0            0
     15.33951     0.004423     0.000398          3.0            0            0
     15.42418     0.004518     0.000447          3.0            0            0
     15.50886     0.005286     0.000385          3.0            0            0
     15.59354     0.005112     0.000376          3.0            0            0
     15.67821     0.004370     0.000373          3.0            0            0
     15.76289     0.004132     0.000455          3.0            0            0
     15.84757     0.004352     0.000525          3.0            0            0
     15.93224     0.005313     0.000526          3.0            0            0
     16.01692     0.005032     0.000648          3.0            0            0
     16.10160     0.003033     0.000637          3.0            0            0
     16.18628     0.005779     0.000613          3.0            0            0
     16.27095     0.006131     0.000581          3.0            0            0
     16.35563     0.006412     0.000627          3.0            0            0
     16.44031     0.007151     0.000517          3.0            0            0
     16.52498     0.006702     0.000524          3.0            0            0
     16.60966     0.005613     0.000544          3.0            0            0
     16.69434     0.005926     0.000523          3.0            0            0
     16.77901     0.006674     0.000583          3.0            0            0
     16.86369     0.007669     0.000565          3.0            0            0
     16.94837     0.007609     0.000582          3.0            0            0
     17.03304     0.006819     0.000656          3.0            0            0
     17.11772     0.006926     0.000596          3.0            0            0
     17.20240     0.008145     0.000648          3.0            0            0
     17.28707     0.011536     0.000756          3.0            0            0
     17.37175     0.013214     0.000761          3.0            0            0
     17.45643     0.011010     0.000654          3.0            0            0
     17.54111     0.010750     0.000487          3.0            0            0
     17.62578     0.010439     0.000554          3.0            0            0
     17.71046     0.010759     0.000593          3.0            0            0
     17.79514     0.010765     0.000574          3.0            0            0
     17.87981     0.011549     0.000608          3.0            0            0
     17.96449     0.012997     0.000746          3.0            0            0
     18.04917     0.015459     0.000716          3.0            0            0
     18.13384     0.012455     0.000792          3.0            0            0
     18.21852     0.010444     0.001250          3.0            0            0
     18.30320     0.013330     0.000920          3.0            0            0
     18.38787     0.011940     0.000994          3.0            0            0
     18.47255     0.009517     0.000775          3.0            0            0
     18.55723     0.009400     0.000816          3.0            0            0
     18.64190     0.010012     0.000946          3.0            0            0
     18.72658     0.009671     0.000756          3.0            0            0
     18.81126     0.009755     0.000804          3.0            0            0
     18.89594     0.008748     0.000971          3.0            0            0
     18.98061     0.009330     0.000781          3.0            0            0
     19.06529     0.009697     0.000893          3.0            0            0
     19.14997     0.009238     0.000936          3.0            0            0
     19.23464     0.009121     0.001111          3.0            0            0
     19.31932     0.007797     0.001064          3.0            0            0
     19.40400     0.012309     0.001392          3.0            0            0
     19.48867     0.011521     0.001294          3.0            0            0
     19.57335     0.013860     0.001255          3.0            0            0
     19.65803     0.011796     0.001028          3.0            0            0
     19.74270     0.011761     0.001844          3.0            0            0
     19.82738     0.013164     0.001443          3.0            0            0
     19.91206     0.011128     0.001107          3.0            0            0
     19.99673     0.009365     0.001032          3.0            0            0
     20.08141     0.009025     0.001108          3.0            0            0
     20.16609     0.008990     0.001090          3.0            0            0
     20.25077     0.006934     0.002498          3.5            0            0
     20.42012     0.007900     0.001902          3.5            0            0
     20.58947     0.008113     0.001543          3.5            0            0
     20.75883     0.010117     0.001727          3.5            0            0
     20.92818     0.010290     0.001964          3.5            0            0
     21.09753     0.008987     0.000617          4.0            0            0
     21.26689     0.008510     0.000752          4.0            0            0
     21.43624     0.008072     0.000832          4.0            0            0
     21.60560     0.008055     0.000769          4.0            0            0
     21.77495     0.010844     0.000723          4.0            0            0
     21.94430     0.011141     0.000697          4.0            0            0
     22.11366     0.009700     0.000769          4.0            0            0
     22.28301     0.010602     0.000643          4.0            0            0
     22.45236     0.011096     0.000528          4.0            0            0
     22.62172     0.011372     0.000752          4.0            0            0
     22.79107     0.010570     0.000652          4.0            0            0
     22.96043     0.010491     0.000596          4.0            0            0
     23.12978     0.011429     0.000571          4.0            0            0
     23.29913     0.013087     0.000704          4.0            0            0
     23.46849     0.011952     0.000593          4.0            0            0
     23.63784     0.011850     0.000585          4.0            0            0
     23.80719     0.013193     0.000670          4.0            0            0
     23.97655     0.014280     0.000715          4.0            0            0
     24.14590     0.014383     0.000651          4.0            0            0
     24.31526     0.014462     0.000698          4.0            0            0
     24.48461     0.013791     0.000583          4.0            0            0
     24.65396     0.014864     0.000691          4.0            0            0
     24.82332     0.015428     0.000751          4.0            0            0
     24.99267     0.015936     0.000759          4.0            0            0
     25.16202     0.015121     0.000765          4.0            0            0
     25.33138     0.016015     0.000740          4.0            0            0
     25.50073     0.016606     0.000621          4.0            0            0
     25.67009     0.015377     0.000693          4.0            0            0
     25.83944     0.016443     0.000819          4.0            0            0
     26.00879     0.016947     0.000855          4.0            0            0
     26.17815     0.016277     0.000785          4.0            0            0
     26.34750     0.015092     0.000692          4.0            0            0
     26.51685     0.015815     0.000667          4.0            0            0
     26.68621     0.017762     0.000636          4.0            0            0
     26.85556     0.017904     0.000696          4.0            0            0
     27.02492     0.018484     0.000633          4.0            0            0
     27.19427     0.018473     0.000746          4.0            0            0
     27.36362     0.020304     0.000609          4.0            0            0
     27.53298     0.020766     0.000611          4.0            0            0
     27.70233     0.019283     0.000686          4.0            0            0
     27.87168     0.019560     0.000715          4.0            0            0
     28.04104     0.018946     0.000903          4.0            0            0
     28.21039     0.018870     0.000906          4.0            0            0
     28.37975     0.019541     0.000879          4.0            0            0
     28.54910     0.018359     0.000703          4.0            0            0
     28.71845     0.020564     0.000792          4.0            0            0
     28.88781     0.020549     0.000897          4.0            0            0
     29.05716     0.019890     0.000966          4.0            0            0
     29.22651     0.021482     0.000968          4.0            0            0
     29.39587     0.023118     0.000995          4.0            0            0
     29.56522     0.023609     0.000939          4.0            0            0
     29.73458     0.024028     0.000840          4.0            0            0
     29.90393     0.023217     0.000813          4.0            0            0
     30.07328     0.022630     0.000830          4.0            0            0
     30.24264     0.022309     0.000847          4.0            0            0
     30.41199     0.020892     0.001001          4.0            0            0
     30.58134     0.023190     0.000899          4.0            0            0
     30.75070     0.023235     0.001067          4.0            0            0
     30.92005     0.024222     0.001127          4.0            0            0
     31.08941     0.023975     0.001169          4.0            0            0
     31.25876     0.024144     0.001438          4.0            0            0
     31.42811     0.023541     0.001249          4.0            0            0
     31.59747     0.026448     0.001536          4.0            0            0
     31.76682     0.027410     0.001216          4.0            0            0
     31.93617     0.024989     0.001176          4.0            0            0
     32.10553     0.025002     0.001280          4.0            0            0
     32.27488     0.024378     0.001311          4.0            0            0
     32.44424     0.025941     0.001268          4.0            0            0
     32.61359     0.029261     0.001402          4.0            0            0
     32.78294     0.029422     0.001701          4.0            0            0
     32.95230     0.028203     0.001894          4.0            0            0
     33.12165     0.027215     0.001549          4.0            0            0
     33.29100     0.025597     0.001907          4.0            0            0
     33.46036     0.027919     0.003064          4.0            0            0
     33.62971     0.030599     0.002579          4.0            0            0
     33.79907     0.030155     0.002535          4.0            0            0
     33.96842     0.032644     0.002755          4.0            0            0
     34.13777     0.036940     0.002622          4.0            0            0
     34.30713     0.031743     0.003121          4.0            0            0
     34.47648     0.032077     0.002509          4.0            0            0
     34.64583     0.035624     0.002605          4.0            0            0
     34.81519     0.037851     0.002456          4.0            0            0
     34.98454     0.040912     0.002448          4.0            0            0
     35.15390     0.045369     0.002899          4.0            0            0
     35.32325     0.050448     0.003228          4.0            0            0
     35.49260     0.053125     0.003388          4.0            0            0
     35.66196     0.039747     0.004375          4.0            0            0
     35.83131     0.047710     0.004886          4.0            0            0
     36.00066     0.046239     0.004812          4.0            0            0
     36.17002     0.035974     0.006605          4.0            0            0
     36.33937     0.042049     0.005493          4.0            0            0
     36.50873     0.032549     0.004762          4.0            0            0
     36.67808     0.058398     0.005269          4.0            0            0
     36.84743     0.062581     0.005208          4.0            0            0
     37.01679     0.063406     0.005770          4.0            0            0
     37.18614     0.063825     0.008143          4.0            0            0
     37.35549     0.041061     0.007953          4.0            0            0
     37.52485     0.022388     0.007950          4.0            0            0
     37.69420     0.025816     0.008292          4.0            0            0
     37.86356     0.049937     0.012942          4.0            0            0
     38.03291     0.228537     0.015451          4.0            0            0
     38.20226     0.144437     0.015009          4.0            0            0
     38.37162     0.062792     0.011853          4.0            0            0
     38.54097     0.012305     0.013317          4.0            0            0
     38.71032     0.013740     0.016246          4.0            0            0
     38.87968     0.037247     0.016361          4.0            0            0
     39.04903     0.081862     0.021499          4.0            0            0
     39.21839     0.103689     0.022736          4.0            0            0
     39.38774     0.063616     0.019189          4.0            0            0
     39.55709     0.056337     0.025472          4.0            0            0
     39.72645    -0.033165     0.035628          4.0            0            0
     39.89580    -0.054609     0.025715          4.0            0            0
